
Adam, 1470, mse, cnn3_kernel = (1,1), stride = (1,1) :
[((1470, 1.3462207449975705, 23.798045444044696), (294, 1.7861145513854908, 31.574342781516215), (294, 2.1389385126032674, 37.81144817007094), (294, 1.7882781047536533, 31.612589362968393))]


Adam, 1470, mse, cnn3_kernel = (2,1), stride= (1,1) :
[((1470, 0.49381695764490485, 8.72953298539056), (294, 1.0307578548260743, 18.221396722720403), (294, 1.5185715258525607, 26.844805591178712), (294, 0.8847790852353152, 15.640832275548044))]


Adam, 1470, mse, cnn3_kernel = (3,1), stride = (1,1) :
[((1470, 2.2938747297735875, 40.55035941538408), (294, 1.923209711677524, 33.997865719275055), (294, 2.7582151101821593, 48.75881520952514), (294, 1.2383686342918805, 21.891471472912812))]


Adam, 1470, mse, cnn3_kernel = (1,1), stride = (2,1) :
[((1470, 1.4577790279494647, 25.770135903365002), (294, 1.9136245159725442, 33.828421797225275), (294, 2.314859102550384, 40.92131422261956), (294, 1.9103374513759634, 33.77031415556425))]


Adam, 1470, mse, cnn3_kernel = (2,1), stride = (2,1) :
[((1470, 0.6689489640698636, 11.825458719037917), (294, 1.0715904975065569, 18.943222686048813), (294, 1.5053803475885854, 26.611616301121266), (294, 1.0154042351270212, 17.949980507596408))]

Adam, 1470, mse, cnn3_kernel = (3,1), stride = (2,1) :
[((1470, 2.2425535590292958, 39.64312071909104), (294, 1.2169294436872744, 21.512476546421116), (294, 2.206028108445713, 38.9974358742524), (294, 1.8059157270746837, 31.924381421648583))]




